21239
32508
21668
29135
23406
18373
254
349
4453
19560
29794
13006
7007
28576
3525
32581
13359
26018
15140
16389
8736
1618
13733
9898
13929
20801
23016
9469
20034
14122
14096
11010
25838
24865
9361
29603
11017
27629
17383
1532
18365
5309
30735
31623
28338
24470
17323
3784
3564
6322
11508
20483
21866
19850
183
11968
17983
11431
30895
11223
26367
3671
22741
31570
31556
25158
4516
19783
8010
5246
807
3219
13365
9327
12424
10456
17453
998
7347
16983
5792
24400
993
284
26039
31999
3317
10228
16324
5636
2711
17211
5361
27753
29674
19252
27158
6460
26312
20143
11170
23669
15853
13894
32361
30904
18084
10710
26757
26875
18115
14828
19398
31091
10088
4521
3621
18330
27297
4148
29727
4
19627
24129
2719
16537
21643
25895
22855
24887
21760
30215
19797
29809
1913
13014
29817
16622
1294
28736
2490
1751
32095
13645
9837
914
11635
21512
6170
11180
8683
8508
7817
13525
3385
9818
4921
12920
21540
29042
6140
23239
32300
221
4954
17621
14029
13719
8848
15012
16097
11178
14153
30888
27705
19508
26243
4951
32715
16180
24932
20321
17080
10783
26040
23815
8346
14306
20057
17642
32245
18360
7063
7280
25496
18077
27223
29894
28398
6320
2975
8092
7214
9420
280
17153
14352
19594
25732
3737
15
23125
15493
19771
22721
18110
17849
443
22193
21716
518
8648
4112
24114
21
19255
14065
15969
25071
32728
47
20518
23803
7111
6305
22805
26262
26899
17179
9172
5713
23652
30202
350
3312
12430
8867
11191
10482
2596
6256
7513
2060
16480
16712
15285
22803
8918
18956
20482
24293
12431
1337
30537
2454
16808
29632
16753
24535
24435
11461
3072
19514
19040
28464
14255
24077
8706
2523
6245
12506
14200
25357
13805
27694
18482
15292
4467
24727
17031
26400
8441
14850
20967
18733
25189
26932
7074
9190
22202
10027
32395
13550
30553
4783
26498
25127
31391
25513
9668
20571
198
26566
15141
28961
3046
26268
28678
20173
14207
7339
16700
20468
31141
69
10724
2095
22680
17082
19510
5180
44
11579
20549
29503
2178
3665
3573
8636
19347
14636
27920
5034
30316
6324
7071
15102
29657
8211
14199
3854
16665
10272
30054
4989
11360
26336
21843
6080
17986
28149
249
28942
9895
25176
8568
2633
20708
29058
19873
1631
17630
18022
4619
883
30336
25542
25616
31417
617
23280
21039
15077
15064
20873
6337
6552
12395
8130
18762
31255
18449
12081
32680
20486
24694
9421
10598
12138
25258
3956
13496
9989
2672
19292
25594
18945
18011
22125
2409
138
4486
12683
17943
23306
31350
14032
865
24231
5889
32195
3205
17637
2119
32656
3444
21766
22624
13504
29898
23493
18486
22309
23704
15020
6478
19720
1569
15482
315
26438
14875
251
2994
23907
8604
16413
8581
20065
8236
23401
29253
14330
7783
22727
24841
20928
15391
21039
3222
15587
23885
29783
11892
29516
2552
3850
9285
11397
3118
18757
9321
3553
9525
32281
16795
7319
27022
15764
14662
19208
19959
3604
2770
8335
30584
3166
2043
9836
24916
6685
30327
5859
5290
16790
2825
25968
27480
20700
21287
18984
24943
26132
22355
7827
13402
17675
9720
8479
26455
30870
32557
17242
2101
17590
11458
22930
3088
8558
16835
9314
15153
15759
30324
575
11190
21018
21605
20138
25702
6185
20764
8600
745
3010
6946
29681
19394
23318
25433
7597
2375
14271
12449
9114
32527
8017
29058
14987
31069
30049
18586
29601
1989
11554
2906
2745
25810
10729
14511
21649
28402
26918
1464
12558
16479
22718
29255
988
9611
30372
18527
16458
17760
23586
4915
19055
853
17082
4341
21358
10351
8662
2533
10133
27229
29627
7086
8939
5160
14290
21880
26831
6472
17386
23855
23029
8981
9998
29147
27120
14760
25638
30462
16079
26348
2266
31482
24156
45
25315
21030
2239
3996
26014
17596
8161
10497
30419
18685
16283
29957
9667
21013
21930
31675
8392
26363
9024
25608
31628
30381
6292
13002
23738
8792
23749
25
29274
22759
23508
15226
8851
3813
31855
677
19450
23556
1940
15037
9238
4990
12444
8818
18233
12319
5744
26424
3573
3052
16103
22663
4761
20288
9263
17782
29897
31706
31714
21983
1917
21413
31859
23601
20219
27854
15825
25231
20081
8565
8130
32593
8776
26627
7433
23290
17067
16272
30869
19007
27429
3074
22746
14961
1861
19296
10318
27009
24576
14811
24125
14883
9625
15373
21414
5322
1952
15493
24971
5774
3597
1401
30729
20759
22927
2450
22642
17041
10431
7764
13715
14602
11341
11635
20708
28393
17255
12970
7653
572
13103
23750
10975
14725
18754
24562
4269
28579
14893
18078
31335
25332
26641
29975
1146
14443
27991
18331
28264
30193
9106
9777
12393
27150
5943
21734
7282
20920
372
29323
0
27217
19388
18143
11267
19639
27207
5851
16374
28590
28651
27197
18489
1220
3508
17372
20731
9091
14355
20208
30161
20616
5264
11283
2868
8253
29617
9041
28258
25030
22155
996
32658
29654
22292
5103
18604
6672
18988
10350
25468
27229
2494
26896
8148
30693
24492
14355
4927
30079
1713
11740
29590
24087
27064
30947
21230
12786
13080
12641
19062
23759
14966
26278
13207
11321
28620
11086
31469
4115
2527
21918
10896
28835
16401
31391
24678
30501
6989
22333
14946
17273
13792
12473
7449
18012
22493
22186
9921
26104
23446
7823
9220
30489
11794
1170
380
9267
19496
24056
22299
29089
28714
7316
23575
1117
11621
551
22533
11076
31258
32245
3018
21987
17633
17788
31720
13003
10685
26881
15175
29434
15845
8397
4844
21220
21040
30826
3628
14972
2796
13833
14331
31294
9146
24526
15590
2579
7520
859
20977
15219
28729
20536
3881
911
7658
78
31500
14185
32333
19187
20205
30118
3035
8282
17927
13366
16573
8711
19535
31860
5204
17144
4539
12662
9590
27230
2967
20824
23316
32346
22870
26034
28449
15283
9324
25742
24634
17207
21629
22481
10365
23355
22842
26820
5167
25631
6249
486
28975
19069
8716
31354
2410
7201
24980
23958
31437
10388
15087
6661
19174
28718
22156
22749
11521
14184
1513
15348
17136
1352
20984
21401
4834
26191
875
16032
26508
253
16493
11212
28243
12009
32628
14370
23424
32490
28223
26482
21671
138
28009
14506
7568
27293
20121
21833
31055
29160
20654
12818
11717
8957
23769
23173
23192
5920
6049
23724
18117
30866
8398
4210
17176
28431
20264
2175
2339
28941
14171
6042
19077
7022
10991
3333
20777
6856
27405
13707
23522
1563
9879
19766
26804
5261
16519
3544
22129
25602
28942
31733
4361
4247
21899
3709
21650
6833
30698
16778
7799
31206
2617
6531
15691
20483
19410
9544
5883
12702
24613
15810
25048
31604
715
3426
7285
28784
27984
30360
2602
27226
11221
28675
29993
2138
23028
2064
31585
30552
28848
22055
23771
11207
17280
14333
13086
1780
32246
3145
29395
26838
5659
3872
18731
11436
16026
15909
25273
18579
16511
9722
6909
19926
32076
3725
16901
30787
1309
4660
14854
19525
24610
11077
26731
29846
27938
13363
15442
24090
31316
24896
2515
18849
28866
11786
13128
14206
2610
24235
26338
18158
9788
13566
1735
21622
20675
28509
18085
29406
26325
21415
4193
24740
2297
20650
23572
25808
23381
27824
24543
23514
9650
10853
1839
14251
9299
30851
21320
25809
12778
2119
29865
21817
24675
32530
21797
15692
30245
32062
28614
19291
1855
29553
32362
11265
20800
10928
19812
30087
3440
31970
21654
1713
20315
16434
1114
9750
3617
17716
26307
30778
25587
32424
21213
17868
24102
20484
13659
11292
8861
12723
25635
7060
21288
10132
12477
7683
6986
24661
5526
1925
9207
28787
17323
10682
23330
14261
17407
24541
1664
3061
16614
2483
7218
31473
15365
24045
13560
31516
6934
7868
1371
31885
10371
20812
24005
21454
19656
28308
3513
27604
18227
11555
11078
29850
7981
27578
12209
14295
13326
27301
27391
7767
29657
6964
8288
11977
6818
21584
12771
9251
16542
9845
23013
9157
13481
12675
4758
11077
29149
2126
22045
1789
32081
4709
14745
17081
10552
22986
617
23593
10934
16537
23341
19300
5489
3366
32200
13058
20422
27657
12187
5461
29176
31378
18557
807
12874
30465
16892
18950
22285
31683
22672
28935
23721
26717
794
15795
16285
6202
28727
2121
695
21406
19369
9402
29045
28041
88
8331
18680
13594
30835
18973
27005
31985
14635
1596
29887
12193
18979
30796
5475
31715
19779
18406
31054
16570
9521
21510
15140
26604
21596
20521
11571
24419
28419
11511
11878
21177
32727
294
25832
27717
4989
27007
4921
19194
22348
11986
14912
23545
29399
16834
13437
8665
307
7083
8687
31427
322
31870
8024
28735
17492
18398
1939
18502
22080
8249
18481
16480
8704
32309
9169
19861
2916
23451
882
29927
6284
24589
8563
5899
15500
16310
4851
21659
29413
17484
8423
31633
9232
32370
29844
10112
6539
9654
30317
25005
13511
2029
18090
16993
11470
22204
12222
19923
25212
5586
14393
2877
27457
17795
2185
10020
31623
25767
3418
4759
4531
8390
12183
7364
8304
7507
16871
14456
27259
16222
16910
19039
21258
3512
23681
17117
31042
1774
15804
32586
27354
20220
25712
3374
2655
17315
9735
14413
15338
13075
18816
14468
12759
10193
18694
6073
6683
1308
2019
3015
15603
24760
23169
6375
25186
14012
5350
17204
8445
25681
11445
204
26075
6661
6483
9619
24393
20484
30534
16507
3134
20101
10986
29585
18785
27000
25294
14146
11806
8175
3227
26880
30521
29155
32607
15026
22149
28141
7958
29091
14042
8739
1490
27694
598
31456
24802
4007
12050
11099
4592
27648
32191
31917
19960
5820
2224
21715
23025
17252
15415
8420
10374
8337
29142
22476
8152
31823
30275
1259
10183
12087
16960
1547
30984
5720
24791
26926
32569
10551
906
30046
14990
7849
29066
14330
28727
28284
16822
316
6810
22839
10619
177
21113
24544
29140
25681
22339
15822
10755
31308
3124
27822
21940
29301
29317
14146
6280
30821
18906
28498
27477
18051
9064
1406
3377
1001
3046
27756
26366
27269
9412
4952
1288
24245
32270
20613
29002
20804
6542
29876
3186
7400
27924
20587
11952
4796
29985
12100
27887
22189
23197
22376
7104
29545
9108
17441
32483
27093
26014
17492
28780
30610
12662
17824
20813
27449
24807
26491
10262
18762
1040
1894
23180
32255
11216
8362
910
28500
13070
28039
17846
20296
29080
8624
13872
6511
23992
6969
31334
28870
9594
12610
10772
18847
31069
18526
15595
9810
16132
2138
20309
32070
17798
30323
14520
31772
29542
27196
27847
26151
24699
9433
13934
2
10262
31810
7402
20653
24892
29966
684
8473
3864
17922
18279
10455
27960
32305
31847
7670
22037
11186
6798
25637
24327
26201
21130
22831
24387
23476
25391
22070
31727
10320
7758
17883
9405
14590
7280
20526
31453
4551
9125
32036
18559
7633
16606
2977
27868
32416
7257
18931
25756
7222
23123
8713
31423
12452
22431
3378
12348
3370
32470
7706
32638
15545
28095
31927
29638
1874
32495
8352
1852
8238
27730
27579
10168
2844
6058
6221
22761
2272
7137
18159
6858
14567
6894
32104
14602
14044
23615
30633
24090
930
1477
18775
30859
11159
21472
10971
7646
8147
10192
25152
26049
2486
27842
26429
15291
20349
17846
27653
31478
26055
24257
24675
18473
31743
23151
28280
23665
11453
9738
20479
8231
8256
30377
4038
22811
936
27656
929
20371
11851
15889
16916
151
30180
1556
12560
16023
10944
8651
6805
26249
13753
20700
25731
22067
13816
28610
7519
29808
14969
1543
8251
2062
3762
22443
12805
8317
5645
20756
26093
1320
10926
22656
26770
17755
12549
24788
31884
2115
11042
3013
8162
14788
17754
28880
504
16272
6709
32042
626
10210
8749
30806
19690
25395
17686
12806
7642
8945
23972
3609
1058
19
8805
19755
873
2272
23555
12937
24469
471
13488
14070
18342
7319
22342
19535
15620
15937
25148
12578
4961
19541
21066
29665
12211
27820
1398
10241
30679
7598
18219
1934
7098
29039
20261
22292
19959
21271
32324
24882
7094
9175
10307
11252
31192
30332
3427
6551
7892
7479
30126
16985
4438
29312
24471
4281
27603
3047
16354
21219
7387
22743
31750
31585
8375
30382
28175
25741
5478
17222
32731
7444
24465
12724
10669
10811
8033
4045
21793
23539
28865
8209
30096
7354
19381
28919
3096
26860
8285
17599
30276
2946
26678
8175
20458
23579
451
28252
13247
14361
17443
30643
11723
12635
18174
6750
13208
4274
25105
31145
18093
14990
5437
22976
665
27281
23537
17173
3034
30185
27527
23945
4723
16312
8331
21660
10393
19187
3327
9600
28382
7887
7805
12803
13154
1278
11141
24363
13270
22286
2715
27797
3837
13499
21167
966
225
2979
21272
5161
26601
401
15587
14672
25974
2834
31957
5310
12380
7961
2864
23703
30376
953
30046
22786
362
1572
23403
17574
22657
17784
2247
24079
9828
16587
14262
12638
25809
10922
27187
10020
30558
27228
22459
30709
14201
22574
15006
20324
24240
25706
23186
8152
27932
365
16630
11088
8958
11487
24286
15142
17892
27521
14667
25375
6097
2068
31501
9765
26336
11719
15368
27406
19279
6231
6847
25414
4182
20860
10057
15536
28469
25249
25509
1087
31215
10150
12879
19040
16790
30860
30889
13067
14407
22259
5818
13176
12632
6867
13278
11283
27523
6913
32502
29608
27381
24859
7657
3617
25302
1389
10400
16607
13330
1843
10641
15659
2625
4564
8138
15775
30317
23216
19597
20233
14432
22162
17259
1308
3094
7073
15733
18432
7851
32153
25852
23569
4691
15540
27516
21350
7696
5337
17360
11807
4310
2370
11091
5205
15859
8014
11627
10839
21645
17512
2805
23652
12799
2851
15851
4650
13299
26916
18044
32023
16903
1638
8013
2567
25342
14368
10334
16601
30141
30109
23234
10571
24917
9311
18406
10393
560
20197
5539
16810
27842
19346
20832
4986
10484
16439
22499
575
3820
18744
26089
7147
8883
6014
32358
4894
578
565
7304
21147
7829
12002
3128
3606
25392
19552
14476
27396
15858
20668
25098
10467
4301
1557
20232
23437
17868
24464
4000
1991
21195
12420
20361
5780
12335
6863
2411
10065
29365
20551
9518
30312
20756
13158
15664
2503
16668
15810
27729
24705
16727
15289
3268
6232
18756
4814
27821
30480
7771
30404
26218
9362
11120
20264
25216
12520
27460
28142
28982
16396
6456
11466
7153
32728
12711
9745
10999
7527
11900
16661
17725
28665
32681
2257
15079
29936
8049
13364
15523
25201
6496
9788
12192
551
16115
20242
10225
2724
8038
4948
20002
30605
16897
31832
31547
10706
21648
1886
16653
19075
1396
14659
31150
24453
4478
24532
28748
5666
25388
12058
28939
19708
10849
9949
32647
13758
15763
6694
2069
23593
24630
29480
2897
7321
1784
3600
10106
22812
22424
14380
14230
12698
24699
4186
28824
5981
1373
20835
19474
26409
24355
20183
25039
19930
16427
23068
30454
18647
23166
29841
30449
3900
32726
22816
24898
18038
756
4328
26878
24039
1181
7952
5732
13887
29161
22073
15661
26511
19266
11448
19359
8868
6105
1072
25024
18476
6242
25638
23868
25425
16978
22493
5757
13338
20374
20
28648
18413
18270
26298
4039
7128
6125
31349
733
29325
1200
21432
10421
28546
7620
17641
2513
32022
20785
25783
4295
13243
14704
23877
13886
27117
21904
28992
1940
31918
15311
18515
22750
5426
9267
4897
2208
15009
12931
12257
6485
21672
7630
31233
12749
7227
22339
31921
24197
6407
9873
29341
31989
23359
6146
3643
2378
5621
29566
8118
12815
2249
7960
30602
8116
12220
840
6569
15215
9828
10009
14704
12912
26098
19986
17980
17809
32530
32002
28316
9299
5830
18464
1623
852
4363
42
354
2845
2087
12198
25666
5012
7212
14394
16566
29674
17864
7023
25589
20566
4009
28350
13638
17054
9915
25559
26246
30358
17015
12534
2870
10828
25489
10196
18574
20954
24379
13544
13020
8825
22278
21717
29194
24003
4869
18360
21897
10411
32111
7215
8254
25343
24519
22041
5131
4085
14240
9177
30961
8471
11105
10837
22539
24783
15192
668
4062
28817
3651
3448
7463
10229
11294
4392
11536
29995
9250
7351
18378
24371
11385
11130
5178
2056
4090
6858
14411
11554
12961
13032
31317
7814
25980
15789
24603
24237
10113
9756
10729
7550
5866
7520
23994
20765
26313
27914
15788
13676
3619
30466
18807
27501
10355
22884
22847
12229
7307
2440
7402
24399
4274
27425
2148
9011
7216
15520
18126
2506
1457
12276
8537
2034
9460
7474
10939
27556
32392
7658
22161
7842
30161
23363
10647
29696
11388
15524
6819
6306
16904
9675
31182
28054
29548
31849
24498
25251
24451
13477
21009
29788
25307
20242
2689
20728
29892
3272
24783
22096
14802
15965
28945
14996
7138
27230
17651
6902
6590
27821
7247
14176
16861
14122
3865
7406
4225
3438
29976
17268
18026
15195
13082
5506
24957
14977
9462
13281
27317
28172
7378
8803
6241
18871
2481
25550
20367
24710
20417
22471
13959
4940
1217
22294
32331
7050
32403
25158
27910
21188
24525
8144
30366
15769
31439
2325
8909
22577
13773
14885
21546
29929
21977
18066
18918
30611
13430
7875
30900
17171
3037
18970
11635
9298
27425
14865
32208
8988
7332
8626
13880
25743
30432
5900
15901
2416
333
5442
17535
11663
3028
17664
30960
27422
18602
26151
16723
8183
21671
31884
32100
16484
11263
18806
16111
6367
20956
17018
5164
26690
7713
7463
7427
29871
7359
4372
14705
13881
11068
9834
10289
30826
22698
2671
10630
17193
19230
9612
3319
17799
20037
22246
1844
21864
9164
29675
22054
26596
1494
18680
16606
5163
23528
24868
19096
5218
22381
28854
3648
1694
10227
29363
14328
8954
4322
31190
13431
27312
12529
23496
1663
18112
20548
10612
15954
25451
23891
19471
17757
2275
32439
21987
2974
3533
26875
17997
705
26975
8594
17010
12019
17445
7358
10371
18929
23195
13785
17350
24156
12210
10931
28806
2238
5043
10291
27459
20952
5106
4486
25416
3172
28171
2860
1872
28883
28617
11802
14405
9263
9789
1130
9613
22442
15538
2278
2306
7832
17178
16629
7977
9717
5810
16636
12452
3817
30878
20047
22772
24110
19224
10859
17468
13533
15392
20695
11001
29413
17557
25739
21771
13208
22442
5806
1364
27525
19218
16717
8082
16897
19043
30902
13600
9542
15036
3285
25932
7391
22529
4044
9193
16793
1775
12419
1169
17331
31332
31634
13699
3549
23158
32421
17808
31076
29319
30395
22862
2857
32435
24031
8538
30966
18799
15033
1693
21008
7878
9783
20394
6041
8281
27906
11738
25021
2158
7951
31233
19627
14515
21461
12931
17215
10158
454
3716
32633
19477
9263
17028
30273
28023
28241
19456
6672
6423
18038
10435
24772
30697
1914
26257
24802
7175
472
22855
26674
15713
29798
14173
24122
6054
24488
26080
2787
25223
4189
22599
11260
28663
18807
28635
10530
4572
24651
21785
19031
26576
5892
13081
11633
29298
17961
21498
21205
520
30195
11384
26079
31612
26174
28916
24128
11970
5460
5768
15175
21028
16266
9832
5045
29338
7847
2537
29793
25352
31503
27181
27034
27526
14251
568
13683
21575
27808
24497
15554
68
4229
32626
27566
28298
21484
16673
20836
19841
16193
194
30186
30349
2845
793
18161
26943
30890
20493
20839
8274
7113
3639
26177
2594
8111
15761
9275
27329
12167
8900
32542
6420
28233
4474
7991
31164
17228
11266
30070
3117
5800
9184
24432
12015
1971
31552
16471
4488
1536
31945
17856
10689
9072
26890
20971
1549
3344
14588
21616
5509
4136
21214
16049
1893
5641
8389
18383
21017
19237
19025
23574
15442
25350
6944
9783
24096
26927
252
30180
24303
11236
23037
26627
10852
9109
7933
4062
18103
6068
17394
16122
28187
16526
27073
32581
23858
23405
30676
12820
16527
22781
15689
26539
11964
10422
22147
32550
2993
22748
973
18214
31307
21568
17870
32249
17981
31219
2874
12843
12534
28613
19579
9899
20865
4665
16526
14230
27917
3226
17043
32055
30743
28650
5454
4264
2310
24434
823
25255
17533
30597
771
6967
22739
25263
25016
17675
4260
9492
29819
28711
10738
25912
4222
1602
29112
24311
25219
8223
13199
7805
16065
4264
19842
11621
14799
98
2121
19941
22077
28742
17292
31185
7210
11471
30918
12093
12897
7808
7296
29436
29648
24182
32762
30205
3166
22362
25786
6167
16337
4931
20076
11228
2985
3320
29416
21095
18981
28985
8224
24375
18281
31883
9957
25587
32710
13739
2995
4357
3340
32516
4148
25698
16701
16391
9763
26988
11152
9842
10945
16740
17630
19926
23845
12867
925
14252
7543
21488
22618
2158
30095
18068
1385
30542
11060
17544
24551
25308
24515
32688
16171
7093
17806
495
1876
27765
8722
13918
20667
17506
1120
15917
15556
10598
6225
23011
17304
1110
3422
17887
24786
2798
11600
2462
12443
7677
32439
10846
18289
16783
7015
28134
17698
32041
4877
31131
25876
18407
15720
12480
30592
7221
22476
6895
26933
10222
31210
22956
3565
12509
12457
971
27310
18443
3093
700
9463
17955
30564
1070
4400
32167
16014
9680
10441
20307
19492
13128
26082
31644
4086
27385
26327
19321
4573
19879
11428
20953
3569
6198
4505
15482
6794
12324
31203
30473
27965
29668
30257
19251
29146
21581
30732
1308
16916
1051
12568
915
11811
19343
10247
11480
26049
20846
1167
28054
14792
25979
30543
22766
21050
30624
13649
26153
8349
20277
14051
3718
3100
19058
31153
23533
1232
9692
27450
22595
19959
30365
13138
21804
13347
22207
29891
3696
26228
23554
30540
23013
19297
19988
30606
18553
21131
24702
14381
10796
12421
2758
25060
26487
4245
32719
12280
3336
12733
19424
25046
16249
11242
31264
9376
17829
18586
9078
32719
18760
18326
18221
18762
25984
31630
25486
18367
6634
32514
20502
13125
14310
25098
21292
9456
12504
12510
15495
611
5955
19163
16754
30873
32154
26385
14662
14326
17933
29485
27175
2133
26356
5128
15120
10262
14252
1396
26644
15958
12147
16789
1508
24832
10086
5251
19621
545
7724
9961
30652
27326
22827
9548
30849
22805
1983
14487
14281
2987
7401
14590
5431
26128
15713
25807
15455
29630
11540
24061
17050
17361
10269
22894
7596
15562
15046
14215
26892
4056
8951
16877
1148
755
17230
17525
5826
7951
10039
22314
4657
32232
1439
2564
20869
446
14551
12424
32376
11889
27555
1517
32139
16314
9409
29797
2273
23838
25217
22757
29585
28123
1912
8970
10867
27398
20129
12893
23264
29456
28303
855
11106
7142
61
28956
2323
17604
384
18140
7191
2010
27900
12294
1726
1152
29563
17290
11528
3481
3027
4940
24307
4994
30227
2992
29577
27917
14337
5162
28518
4005
1278
24191
31484
26600
13553
1426
16084
23874
15817
10912
30197
3502
7093
31046
25644
5243
7851
27583
6971
21109
12898
26148
10647
3768
17183
15915
16844
29307
17386
20830
25821
7294
23831
8032
11729
17433
2022
10547
31248
21964
22389
20050
7536
22818
6443
22130
6023
16605
1260
25743
7614
9910
5127
3515
1466
28235
13786
6602
6900
11921
15395
24180
10850
26121
8850
6383
3154
20792
24780
13632
28855
23735
27542
26563
5581
28027
18178
21144
12448
10647
5211
3725
31982
31696
1434
20781
23813
27693
24620
21086
26784
23470
10620
5127
18684
9892
14094
27724
25572
27534
3528
21549
22266
17587
5167
14275
4328
25338
13557
28565
24071
28278
6262
10677
14664
3894
11487
8410
15512
24770
30594
7513
21058
30601
23566
10363
25514
16499
8143
7861
27122
17249
24486
15438
13709
6205
19781
31737
25522
5044
21846
30715
7486
29575
23913
23080
29254
23221
3152
2474
9785
12298
7539
24091
626
15296
11092
28733
19657
3920
24365
32530
11312
10006
1569
17889
27075
2718
6758
18422
29172
17785
5935
10562
255
5742
10204
17954
10285
8568
2299
10245
27667
21489
19163
12336
19126
19591
3481
18953
11146
10942
14795
2406
26326
17243
16234
6516
18812
30776
14988
21866
3027
1080
23374
15948
12860
30970
18944
6022
7034
1512
6524
6596
26105
8730
28514
20665
29991
28013
23699
31517
14050
20608
30831
6133
26716
32587
10477
201
3114
10726
25918
3015
16369
3791
26673
5409
32164
19713
23493
11755
11647
32425
9290
28880
8973
25570
28455
29906
32578
3268
19211
21581
20896
853
2882
18695
2998
13196
20312
31826
32219
782
13879
149
11741
13745
30259
17493
6945
26608
28165
14598
22887
3688
22534
20971
27438
22875
187
5129
27677
19638
20309
20991
16790
26110
30827
11613
13239
22832
27126
12675
27715
1817
29625
2235
23636
30387
28032
15779
175
18817
15148
12839
30942
14620
23463
28834
30262
4185
10764
31271
30129
9336
11034
13933
26535
6293
16611
10335
1595
32614
6022
32188
19205
25329
27815
13933
29320
13654
31706
12307
328
20423
6870
6830
10301
26441
345
24323
3095
27017
31846
24834
10825
25931
31228
3173
10744
32212
15989
6607
17765
6022
30142
24317
28955
2695
20299
3597
10673
12220
12062
9835
11428
2526
15952
23054
13263
21333
10497
3082
24792
5558
22768
2035
13523
10203
26710
30214
17500
22132
21242
18570
9000
10568
18377
17947
5505
749
22428
19063
2098
6905
31116
13818
26446
9650
3747
15892
18686
12871
302
18764
18101
18723
215
26724
17334
13379
29711
29781
13019
5589
23673
12506
14986
31756
22466
25812
1705
11418
21434
26816
25882
17980
23987
12952
23620
23776
4912
11673
30930
14148
22441
18610
8823
20231
27695
18133
7801
20331
25473
16392
5587
20116
19703
4947
4407
23833
12648
22051
1018
31457
18166
7660
21887
22587
17136
8918
15872
6206
58
27269
21624
19299
24900
22621
11757
3439
27294
17535
7335
10729
32556
1668
23974
14020
5267
5692
1740
2098
145
25429
21206
18890
31355
9669
1933
26329
13402
1764
20415
13050
26749
7924
6159
18829
5901
17502
3084
7140
31947
5047
18314
8682
13923
8761
713
32454
16453
24389
30342
17390
16997
30043
20611
20274
1493
23422
28533
3890
32738
14445
29114
15818
28151
20343
279
29470
27891
24373
19672
6925
30113
24089
27974
24824
17510
27440
17873
31567
31808
16895
25118
18956
20982
28381
32205
8790
256
10436
4751
2758
31044
22340
21239
15163
4081
13268
13867
5005
12444
4183
14451
12789
20566
8588
9627
29515
552
4519
16662
2435
13373
20390
3448
16811
10639
22481
28050
10137
16913
6647
27500
28674
27967
1101
3411
958
4216
29011
16506
517
7209
13254
26818
20104
10255
30843
31470
4858
25890
19086
4462
6065
15517
31300
28049
25873
29416
23670
17984
14094
12287
13988
4830
6754
26849
26025
26665
25101
17180
30189
10638
10805
19329
14838
11472
23440
6002
16804
24562
4774
27643
4588
31107
7251
399
4421
22955
79
3393
19372
21464
28745
8842
10157
28958
13147
12795
32175
6993
29844
32492
2079
21165
28608
2199
12405
30081
29283
171
26726
23299
18853
595
5557
10255
42
11701
25502
22489
31060
19273
13312
1335
25157
2219
8953
14272
19357
19482
20122
23684
1931
1210
14711
14984
15325
32054
31015
6009
7954
27036
14305
23351
7348
14006
9375
4780
19842
757
22383
23909
22837
21506
13426
22596
3470
4987
12844
23583
3928
29477
5566
12321
14713
21924
604
30625
4271
17741
24573
21785
22954
122
1726
15278
24827
18317
12086
29117
30815
28356
18356
17936
3758
19507
17962
27928
30787
8931
32063
16417
28890
6210
23556
10915
12803
32145
15831
15233
22288
21938
8087
5629
14401
14433
9050
6823
8415
3748
28721
22279
23989
23634
11200
7680
30003
16921
12572
19321
2514
6255
7552
23576
27964
2485
16105
5997
18518
32181
21648
13321
26902
4548
4237
10081
9564
7035
21336
17872
13489
8845
4507
26224
6935
9552
24648
5883
2995
21856
3278
5331
22907
28922
11085
29425
25941
7868
25132
28463
22035
6697
31365
25456
25524
13310
20679
18534
17925
29359
2958
31323
5648
19990
4129
4155
10495
11884
11394
23695
17700
25190
31883
6134
28202
29446
3262
1926
603
29029
24566
15990
16423
26208
4111
1106
20532
1003
29231
28671
6819
14774
12436
29451
26003
17606
15231
14477
23282
15876
13797
19723
17159
19369
27663
20128
30895
11854
24779
15462
30601
24734
28069
24342
19394
7235
4624
5809
10547
30091
18724
18479
647
10765
17635
17495
2571
29618
12822
30304
4930
30497
18564
8323
31504
8646
18108
11758
5646
1319
8046
26977
30886
9593
4938
28262
18614
19316
29819
20073
21878
4170
19674
25741
16996
23136
31390
31057
21802
15104
16696
8560
12472
27008
12160
4675
12436
23844
5021
3524
2945
8770
28395
32657
12934
7717
6426
7195
20643
6134
12350
7135
14323
27300
32321
22751
27912
1475
4331
20250
28833
14737
28081
10653
19302
14539
17328
6821
16629
17393
30910
23161
5070
18122
11707
8069
17009
2118
6727
17193
29315
12788
6043
17907
3041
23313
20608
19656
20145
10795
2543
13919
9558
5333
6653
15388
6375
22174
10105
31228
25291
26390
5168
770
30737
1824
26953
31764
16712
4202
19186
27724
2202
947
29619
6110
18591
31044
23885
6789
11694
14777
17456
20069
59
23789
25655
22683
30858
8657
10200
30620
17472
13967
2014
13077
22614
14411
9690
2118
13116
6187
13579
27108
23495
29331
17202
12691
14791
13569
14281
543
14312
25750
12168
29594
27064
28339
28236
5075
30583
23204
29542
14908
14235
13509
20739
29195
24544
4731
7484
20917
10078
6135
8508
18258
11136
6176
22643
13919
17261
14845
8709
14576
3835
30752
13805
30077
29422
15331
24657
7128
3630
31788
31694
20703
20857
15194
27455
9953
19842
12172
17711
19441
17577
29787
16033
5389
6116
11331
30882
4484
5054
30090
11226
24250
6043
2039
16561
28217
258
25617
2991
7217
17587
16959
8709
17093
25696
4233
16470
29488
15680
24216
32349
5368
17153
9469
32329
14701
6379
116
2566
24091
1042
13598
23736
1721
2134
23461
30284
26434
21794
19003
29587
12862
22620
30795
3366
19639
32565
31554
5499
30298
19027
16961
481
17528
14185
23355
22408
28877
18040
13500
24296
25630
5435
9304
23116
5595
8891
30129
4462
21369
28811
7866
16642
11210
14470
1804
7874
10833
16505
29097
27903
14574
17397
11814
25023
12357
10085
26075
4000
14114
23724
16999
8334
29057
25210
3285
23829
15376
22180
12067
984
5721
14195
17923
8176
30809
27919
12327
17130
2445
13126
24094
27541
29957
6643
24993
4468
14594
27018
2975
18000
12023
4561
10976
6436
726
19813
7077
7249
27043
23093
12181
21746
30514
29250
6568
21826
11944
17367
23124
8075
16796
9207
10898
27314
12828
10143
4830
30014
18782
21500
10270
20237
27981
4379
6038
23715
2681
4299
26145
22361
5741
21144
32491
15743
2440
30274
26234
31730
6514
5733
1860
6628
27347
31330
22021
22756
732
25508
7408
14220
13120
5757
6896
9552
25636
31117
30464
11843
8996
3076
9
9608
15459
32594
13603
10064
17089
733
17582
25856
19065
732
27461
30135
9935
26951
1025
8402
19093
28746
92
14460
29518
23037
14580
17488
12160
11558
3232
30594
31184
31295
30338
10125
32580
20828
14161
4390
15642
18072
11572
5223
15209
22893
31581
815
23146
29397
14528
9545
16839
14242
2564
6050
3793
25063
2524
24561
22055
12671
15041
21257
984
13368
2510
32583
9012
8402
5890
3992
780
10436
29803
4240
1275
1809
12092
23752
25874
14397
16006
32577
1625
4535
551
32156
12873
2653
15146
17543
5766
23578
7654
20876
11738
28086
21368
19032
2048
31275
4572
20958
7103
4796
18838
30256
13307
26842
22817
5799
13196
31349
17084
13
27073
941
24463
30473
8439
27775
14208
8135
20997
1583
29646
16569
23624
26798
11252
1832
964
1526
17851
15306
24960
6130
12751
2240
21399
24349
19708
30460
25555
21935
31029
4263
31947
21156
9648
1639
21146
27548
19558
8070
11040
29359
14307
6806
22708
18356
28363
12152
25058
23883
24962
14614
1856
13814
23686
9985
22001
18707
22459
20063
27968
9276
32441
32677
30038
10365
7644
22469
988
31072
9485
14845
26616
6221
19768
22125
24599
4868
19649
19897
17395
29079
10885
19292
26187
5841
20302
5447
11073
25041
674
9172
12821
28011
31807
30673
30572
14944
25745
32079
26478
8903
4862
22954
13087
23590
10051
15485
5457
18270
30440
26523
14844
25971
30736
24855
28451
27944
26527
9110
19454
15817
7741
10010
15055
27882
28305
4134
23429
4422
8826
15675
11924
19697
4782
15907
30002
26013
16977
24091
8244
26369
3702
27503
12269
6672
13570
24569
18795
16763
28509
1062
13515
30862
9598
10492
6964
21196
8400
13408
22789
28081
17062
20308
6515
19237
21915
26296
16094
29373
26904
9595
21616
76
15303
7821
17019
11382
16896
16715
9902
17073
14953
17962
551
26184
15478
10719
25190
6117
17774
17740
28452
18698
24574
24750
3179
16599
14331
626
13692
19095
16234
4656
7813
22135
30342
8510
28770
31626
12597
3066
23758
1210
12437
16422
25409
3640
21236
22089
8456
369
7029
14123
30432
4721
5664
15745
26580
28398
28115
31841
26661
24060
28226
12455
9993
22291
11223
29568
15292
24920
26310
20751
31367
1129
6123
12311
29351
4692
9694
13181
14135
12749
12177
15126
23940
28759
19591
23365
9186
32363
28456
21436
26252
32328
28283
23912
22565
1712
21591
15128
7360
32183
16218
17170
29369
7205
7571
28698
2104
27686
18570
25701
30046
23164
12557
17861
28429
6611
804
3025
12654
16877
23970
11899
22964
11141
32458
8429
21679
111
23906
12268
20149
3630
10567
12717
20701
8599
23589
19607
14883
22628
1060
7252
8376
5235
7985
27169
19337
7137
14382
11207
30044
18529
4073
4209
32032
14955
27883
3375
14625
8452
32619
13400
23863
1524
22766
23016
3350
23560
3566
13207
19528
31191
5737
10631
27587
244
5996
25139
3833
4727
17908
22783
16985
15975
28036
1210
20315
6709
14442
7884
30270
27170
19319
31182
12356
29304
976
7656
11299
21087
1304
3113
15782
161
19152
28043
12265
24500
17228
22125
29556
4556
752
5092
30375
20732
9175
30353
11090
17878
30758
2702
27028
25573
14050
2387
2985
5056
17813
3000
21266
19603
16906
5318
3359
26977
12333
22848
8983
5041
23487
18152
19582
10301
26570
31109
4703
12412
29215
12247
26035
8086
16041
2859
4115
22992
32453
32499
10500
16165
25666
26485
3015
18087
3407
20788
29566
20074
10554
25601
26659
23337
25155
28440
22927
18096
22077
22298
16210
22433
31787
17012
28599
14595
17474
28298
21099
14225
24904
24151
7364
29824
22538
7187
26983
18243
23984
5640
11107
23829
29906
21740
4153
21068
20365
10180
20213
2328
31896
17975
4589
16102
11560
11715
26646
32525
15849
1228
23473
3020
5871
21383
16741
4812
6277
25219
10355
19943
1865
4845
2859
11029
2824
18152
1228
24222
28440
10973
24745
18238
24282
21052
11421
15439
13702
25300
1529
17821
21831
31987
4235
2876
2021
19521
15006
28955
5815
13975
9879
24551
7213
23632
18217
24725
26067
15302
15354
9129
29201
5597
30992
764
92
6877
16667
11734
15429
18460
11218
22821
11746
14535
27273
28432
8460
13480
3421
17071
22443
7063
6372
21005
3638
21033
10352
32711
10324
18563
24071
6818
15728
21703
18592
8758
26114
9687
10340
22134
12110
30728
13272
14969
25432
25162
290
22170
19852
21950
22910
29164
14472
12498
3982
15608
22642
26298
29881
5713
19971
24131
13930
32608
763
25203
20509
17519
29773
25504
12830
13381
31100
897
20503
4245
22777
178
18537
7615
9341
12892
17895
11484
27027
4667
29747
20360
3430
9320
28272
2061
28872
12578
25826
929
12290
15331
10095
1484
10096
9683
27841
3512
10403
21606
7178
13131
2096
26277
31768
28743
14719
31601
29201
838
13977
19359
18812
18894
32351
13174
20067
30778
2321
3659
18214
30023
7925
309
24177
28713
8198
20047
8812
20092
13924
31645
4678
24313
23500
31766
25704
20843
5609
28514
22538
4513
13308
14105
5491
6406
22323
27424
27147
12736
5498
520
483
15943
9475
28371
12414
10274
15716
2735
16487
20740
12177
4330
31834
31641
26815
19138
10195
10481
361
14016
12350
29233
32609
776
24565
23804
3931
9914
10884
24168
25068
11006
11602
10219
17635
10898
22198
11631
3146
4287
23023
4927
31756
28226
1038
19595
503
16865
15746
2340
13913
15677
4556
21115
6652
15892
20508
8108
26736
19618
12547
29821
27016
19241
29319
21436
9965
17456
6854
12552
23703
12972
22559
25950
23091
15982
10258
14561
26437
20288
25818
30707
32586
25082
25423
5225
23737
25344
18858
8101
30289
23268
11415
16195
23655
2523
29037
27687
3168
21317
25956
23289
9504
8557
22076
28127
15981
31507
14647
4566
22842
24319
525
22012
14237
14017
24406
17053
8801
18251
15113
32608
15048
23591
12497
28526
4677
31356
14276
20845
7323
11645
31643
24641
5045
28747
24388
13793
8456
29644
28636
3818
32425
2615
16970
28399
10434
7023
9503
20262
25174
29498
20888
10847
10825
10289
20751
31672
7326
31674
21122
7474
24595
17013
24111
13872
8444
21519
3304
17730
16137
7150
30292
14694
966
32506
18182
14677
5556
25921
17603
23887
28181
17955
25268
20562
30229
6525
25713
24131
13896
6153
581
26900
8512
27473
13644
2994
23501
18004
31741
18064
7423
14870
8708
12164
14259
15662
9302
13691
7805
20149
29705
5648
19459
20122
29070
14469
13663
29001
32007
20414
19488
20344
10804
7730
14065
16732
11520
23567
7034
3281
30801
26997
11188
18935
19179
3337
12725
9078
4290
4241
17666
15552
5251
24016
21708
7115
21042
10787
16530
23082
1089
13038
12374
4040
15266
29819
19199
13447
7966
21423
17147
32306
8662
5405
24516
17923
26059
20114
6761
20129
12426
644
19459
3887
28454
31295
22358
12893
14151
13429
32719
19725
15944
13385
13265
24073
1579
23666
2550
21621
10746
15890
14320
30688
12333
17592
8103
18820
32246
14687
6195
7127
13653
8173
1042
27087
20736
2712
10948
25491
2030
215
8136
24620
6216
4451
28916
21749
15549
19982
23998
16124
9925
19059
20614
21176
20130
12748
2075
29935
10873
4500
30641
31035
289
26260
13621
5786
7104
19073
8620
9896
1524
5508
3815
31679
32348
27293
10757
8521
15018
22316
18834
13580
24530
9980
23243
27429
10884
25022
21758
485
26451
17071
12995
1545
23333
17031
10998
13931
9297
9793
11630
27075
32618
8916
2424
25151
29258
12337
3577
3654
10078
23284
23593
4283
2344
19876
17547
6213
17760
23029
19643
15243
16288
9416
13669
24984
13186
15656
8740
19815
5670
2455
8785
25717
25812
28660
13370
16702
25724
14192
32293
32575
16830
28078
8898
19415
29080
2158
16697
675
905
30604
14523
22668
8969
32375
21142
15864
21940
1291
17002
31490
27716
11481
29627
27119
22054
32129
25224
15635
18546
5490
31495
6861
9466
7241
17241
11171
15334
29403
31943
29109
24657
23934
29150
26161
12446
24518
32656
25153
28688
28974
17861
19942
7732
9949
8659
7562
17083
6647
20379
25793
7414
27768
30841
3412
32292
21090
9495
8058
4674
8092
21278
21384
7239
21568
17346
15438
25142
30281
31452
21596
18460
1340
27380
8544
27926
10891
21989
6886
12952
23683
32192
2577
14832
18491
27038
15005
22476
13272
12108
15659
26743
25458
19646
23783
27334
25481
30415
22282
1098
4854
25801
19560
1109
8747
20738
26259
1207
15864
7522
10772
18516
18358
12890
18087
29633
10225
4175
26166
26706
20631
22085
12664
31942
24545
2332
3861
32525
3858
28208
912
17449
6062
31822
32503
7522
119
11610
24886
14817
7975
5708
11559
8845
26459
30426
31759
20365
4477
19495
27532
21713
8028
19022
8945
20081
25599
30464
30596
15290
13522
241
25086
29492
5825
31127
27933
23340
1141
26116
13547
19576
3288
17195
7988
10399
30358
30858
17178
26953
26171
10884
23703
32210
25855
6722
31803
21528
14812
4678
13326
9094
26821
16865
31993
26934
8547
860
12570
25553
9718
19230
25954
26015
1338
8026
15871
11974
7826
932
5050
25847
15137
15404
27275
23928
8570
5608
19179
24668
24827
27087
20352
20988
8622
19384
11852
26927
2405
20779
25286
20825
16823
14166
23437
5116
11423
10145
9808
9387
7231
9524
24573
8356
8435
20716
7874
1790
15100
28674
17701
282
16605
1438
12015
1722
2329
30672
15078
9511
2313
6276
28106
7297
3166
3801
28179
5881
4031
27314
11036
10469
22227
20866
15365
13137
3864
26104
11526
8210
22175
28335
27041
1822
782
30406
25759
11195
23804
13330
24410
24487
6377
508
24179
4937
32217
5312
15986
30130
4687
29637
8636
32611
9039
10812
27708
27723
29482
18125
32581
12593
27534
22090
23976
13067
1995
29671
26110
14069
8629
22703
9717
20379
18307
30606
23557
20006
26166
22317
20272
8959
341
14546
29234
22297
26110
12982
17117
6596
21113
5383
2301
23235
28284
17939
28113
18632
21408
8067
18445
18351
25867
11402
4091
17201
11924
27278
16868
28737
6605
6003
16488
1526
4141
18095
6807
2358
14154
21802
14952
18273
15291
8293
29001
13508
1433
5077
7101
6355
18620
4986
30879
3134
17942
29579
29607
29848
21516
21948
31339
12468
25032
31953
3837
5979
22871
19804
21798
11614
16099
23564
17777
30802
6194
16805
19021
4635
28271
26947
27329
750
25018
9700
1847
5491
30860
30487
21460
14863
27536
26462
19559
2601
2262
12385
8855
28868
22855
21519
25197
10492
27937
29676
13515
590
4971
29740
860
11169
1314
20055
24857
15653
5286
18682
5904
4919
28392
16371
9399
17518
26814
23641
18958
23301
18317
32460
29687
30284
12956
7186
22175
6031
30886
13705
6807
20617
18449
23024
13827
15568
31664
29358
20170
3557
28917
12304
16711
24355
8476
25168
20910
15739
23029
9407
8616
22255
472
13509
20539
10156
10725
706
10793
12754
17310
32251
5374
14574
32060
15393
17073
26310
28221
3542
503
20037
6326
30588
8752
18657
10052
4345
21275
30343
24771
3015
19867
21900
31258
13761
29440
17385
22619
31264
15264
28168
4071
17605
25674
13566
10099
8576
27671
2163
22769
28576
14782
12289
6546
11243
32708
6231
9653
10707
14156
2772
24200
8083
7440
11406
3583
13698
23885
16245
3749
21162
15916
25945
21212
8992
18028
5548
7000
19821
23207
29073
10919
20500
23523
28524
11855
15982
12049
23085
31378
20458
10173
11229
7122
1922
16406
30493
19129
29995
8520
1947
31898
238
28713
20921
17915
20012
2937
16527
16862
271
517
1781
20847
32012
25656
7050
14864
23812
4256
9685
5387
22015
30572
1605
19459
11772
7502
14646
17660
23125
12010
21975
27762
25199
21868
8447
6881
17949
21940
8348
17321
8803
19862
16436
22682
11883
15997
9640
24974
416
21545
18866
4024
19487
13272
19960
30758
15235
10330
9782
27243
28146
15077
11866
29696
15566
18547
19873
19915
12329
15580
11661
17126
8114
28002
4118
154
19563
3340
7486
21810
29825
13378
4668
24088
14026
18352
27113
3736
8924
8080
14850
17356
3644
6341
18114
6652
22013
27882
6208
26286
21896
20075
1166
32545
6832
26410
1036
8123
12784
21982
3834
23121
26213
12897
3815
6184
25638
26786
12644
23991
19433
1146
644
10324
28954
22262
22823
30270
26561
20542
17517
1628
20389
11670
5390
30155
19689
12962
13479
11896
31437
14401
8124
28026
11749
19833
32018
16494
5440
4112
26483
5062
2645
22127
1558
12729
21945
10262
3422
25537
9751
30209
12886
3572
23513
7
14401
30383
23492
31687
18158
17828
5395
23382
8989
12303
16227
32702
3200
27346
18921
24050
7604
11904
23187
20798
31908
3258
21113
5512
12795
31535
27076
7557
3954
18763
21376
5206
31850
30421
13079
8973
9475
4473
13579
918
321
32488
1930
7833
20637
12490
13348
7136
12811
30398
29386
30685
17589
22339
31494
16809
21509
24729
19843
15010
217
8977
15458
18825
1723
21520
29310
13455
2202
1734
26827
21210
18571
16202
22571
14442
29927
13090
9171
226
20409
11690
20111
28685
30454
28385
21592
31850
17406
10754
17402
10819
8351
1837
10754
12
27573
7680
8603
25766
6597
2523
25775
13598
32742
1673
13222
26621
11948
28229
8961
11358
26339
31249
24398
31179
31428
5522
8628
18686
11913
25582
6066
26197
22170
19183
31494
14966
26611
19516
3771
6383
22232
28379
455
24929
4458
16959
17646
28586
30446
2222
11672
27937
25075
23098
678
31970
3101
17472
4480
9903
24800
21565
19202
6165
2918
17549
28409
4548
32620
25443
2937
11921
3186
15643
15202
21001
29595
9084
21530
5162
24624
9443
24140
18132
22635
30883
21528
17457
15668
10306
32251
8242
22930
21598
29766
18171
24109
13373
28852
8592
18131
9470
27663
29170
2552
12153
29017
19155
17731
8055
19525
16751
22729
23935
9047
21040
27882
17671
26787
9389
27985
15789
16155
10298
11845
30368
19996
28769
6215
21942
900
29194
31180
241
30687
20480
16852
22289
10813
22587
4621
32477
326
8817
31863
25120
16741
15421
20515
22551
32099
26086
13089
29800
24926
18307
23826
10249
25078
13662
13816
11028
12493
9123
23390
31592
20253
7915
30505
8260
12490
21670
1092
31411
7590
8137
17240
36
4418
13593
15576
9272
9382
4781
14427
29401
23381
16363
2243
29311
9634
19775
18604
5480
8560
23271
7563
22885
21894
32372
28040
11942
5875
12075
11170
24110
28727
24411
17268
28489
22103
10769
21174
31929
27590
30637
14755
8314
16955
14385
4233
12225
12052
24323
19451
21603
4196
3180
22976
30873
8643
10089
22453
8077
26140
28262
8229
2400
25300
2872
32513
13944
20755
28057
2928
14540
28869
31765
29694
21453
30863
28585
32356
18758
32078
8511
8405
21344
17099
10199
27167
23988
32715
4367
7752
24460
9859
5154
28992
17080
19120
15905
27950
21909
11655
17586
24896
19949
12426
22431
29641
7002
18847
6954
15774
9945
7266
21468
31936
24499
7053
17635
26661
1087
14467
6393
10589
22589
17603
1956
28349
8014
18620
27902
7155
8886
30699
8971
8740
21180
27377
15737
11471
14627
9640
10594
25225
8914
28925
30107
13379
9089
31060
3332
24596
7367
10876
16856
7785
29188
8231
26804
5456
22080
23957
3175
11330
22869
17112
21054
1836
5370
6824
3470
11447
18483
32345
11756
19703
25084
15250
10801
25014
27844
18883
24093
24323
28288
27015
30545
17277
5529
7441
22127
22682
24969
14623
2395
15243
24992
26840
8255
32197
27680
16453
24660
26902
18932
3189
5924
10107
5127
5674
11509
32549
18485
28139
27914
20354
12397
21164
3004
19414
25184
20982
29061
23654
19688
22393
4962
15129
30446
23814
14331
4261
3280
24090
29
20385
11939
6864
15377
11355
19263
31390
11847
362
30595
4872
243
7151
14684
8928
3109
25349
17233
6791
12134
3819
12458
15338
13887
19095
3115
30136
25176
1025
5093
15958
21075
2970
30908
28885
26939
22157
11364
20563
15355
25837
26061
19651
14630
7298
1530
28490
3108
455
16046
1564
9967
30011
6392
13855
9787
21539
32655
8401
13369
24788
30369
8825
23733
22971
10223
23853
15206
29303
10930
10499
13528
7038
3194
16718
15628
11088
16264
19425
31605
11928
10754
30354
7882
9872
18511
27711
17678
8174
4090
21530
13366
13361
17749
19929
32747
19817
22955
10338
10988
27023
22665
5748
31410
2076
29752
7213
13141
15515
6132
10044
31241
18796
15745
1690
25796
5528
1154
15102
19103
2481
4334
20505
14804
16492
9266
5712
26040
11954
27941
1557
18477
22480
29721
28385
6022
21333
3356
15657
5681
31227
3235
5751
24701
3840
10404
1625
19912
22437
16061
18259
32457
14641
18760
31057
17974
32547
19570
8304
12252
17504
28306
192
11568
14722
23233
19495
8194
3614
28051
14877
332
9426
5183
28716
3559
13645
26550
13116
11723
26256
11956
30020
316
19096
28688
3084
30498
26559
24709
6299
21999
23866
31466
9611
22038
8032
26784
19926
10836
18678
28086
18106
26070
29560
24925
20630
26567
27244
16549
16388
17607
17704
25952
26694
11507
3524
968
21572
6750
30380
26611
10899
4450
19040
28666
28403
6918
5527
10789
29830
14272
21489
28362
30160
4647
14687
4436
9977
10395
24391
30346
23234
794
17355
2863
16116
19336
13781
9541
29587
16388
22848
19307
15085
29990
1274
19002
1721
20651
7666
20401
7194
2074
24896
24318
2682
12832
31017
16033
22993
17057
13933
15045
17196
2451
24874
20267
2186
2911
26035
25426
9523
31491
9446
18966
13854
10332
8528
20015
16393
5739
15231
1961
7972
16326
8418
2652
2599
30795
16999
31650
4346
5753
15594
32019
5727
11618
11711
2249
5759
4704
12551
15252
3828
13215
16555
4178
10691
2678
3549
11546
18465
20287
10896
24907
13307
24926
21826
27996
27629
14243
7182
6457
13890
13863
25330
27127
10987
16994
15302
3821
6786
6844
17005
14326
15012
18947
5548
6739
9952
23995
15190
32303
21268
24711
19986
27874
632
28215
26512
13255
4769
9035
8886
26367
21467
8578
13871
26782
13498
28550
15596
21536
931
22654
1850
7458
29379
22586
5821
4233
7330
6269
3302
29211
10975
29199
3941
16274
8486
7611
15512
11338
26765
20365
25715
4349
14577
4094
29907
11166
22808
1007
2941
16589
27945
16206
25282
3301
31109
18209
18570
8321
11390
31308
25926
9167
24556
10633
679
29650
1793
14310
3934
25873
4723
22799
23567
2992
15601
9873
24805
12597
14876
1834
32426
764
5005
5911
29782
2460
6969
27669
28078
30603
15873
20803
24385
2948
10361
11347
23062
25442
29008
24619
12862
24051
26393
9774
15819
27634
20555
17278
32478
13492
8474
24890
32708
31030
19032
11502
10680
10698
31940
26651
20560
347
14979
9580
22752
5549
2580
9496
13395
16370
32306
3153
21476
17744
12274
26586
20975
29751
27524
25593
22552
4639
28586
27820
12607
31250
10526
14991
2993
14848
26053
12654
9650
11755
2359
19183
28981
8363
6521
6606
17999
28890
20186
20618
21880
30364
3576
19657
22469
10991
759
17638
11488
20266
21210
17743
26211
25196
13736
5812
19805
11475
16069
12499
11137
26750
3146
28555
24886
8451
10438
23344
20550
4823
6621
20132
28359
29481
10604
6870
31080
30026
2783
11362
2253
18701
26812
11441
26419
9798
18262
19832
7691
23212
28020
18758
1549
20829
30562
21446
5161
30657
12326
13383
11243
3743
27132
9142
29108
10344
32702
17490
10268
23626
14873
27506
14009
12917
7790
32490
30487
9857
19483
13028
13728
13925
26509
1202
2079
29093
14538
19091
18603
4133
828
25241
31974
21192
449
29595
29193
28918
30039
32632
1636
27904
27707
6946
19429
12615
16986
9133
22340
20020
27517
19178
21201
24456
25801
12595
3976
2307
22985
13609
28709
16912
28489
14313
18797
18615
31701
20465
10182
14111
2829
30588
31091
4885
11478
27991
27941
24797
27376
28861
20721
1144
31169
25154
11121
16734
17550
28775
27745
1567
32262
10272
32184
32144
1260
4015
29785
28868
17330
26725
2156
2680
30308
65
15533
9113
7343
25424
26100
18846
8624
9271
3974
28060
24218
4098
25601
22319
4849
22515
21303
24170
25430
16233
32454
20025
22301
3691
19027
17255
17623
13176
10983
15735
19678
28667
13544
32628
13234
3939
24317
18850
7233
16580
8946
8283
18848
19399
8716
27546
16233
13088
8112
15116
5077
2847
18438
1199
8351
5807
1632
7340
3495
31909
25222
31718
6415
29337
1775
26496
2947
4055
22864
13337
17652
15605
24841
392
2797
10304
16526
7692
22382
23460
32599
16248
10213
23819
18239
15520
1811
30196
15369
28720
24198
31285
31272
27158
29980
7907
501
19151
24268
21725
27706
12294
629
11811
12229
13410
9418
12105
21950
3727
5349
18729
20098
29922
8791
28886
18885
24699
28724
30581
23797
1437
19959
24976
1801
31190
27998
29103
8684
3039
28421
13793
25419
31806
18642
4318
933
32027
940
27084
28559
29344
3533
18945
7690
23270
17621
3585
29075
16893
27921
4064
28521
10118
20712
5256
7704
13331
29110
10677
27356
28982
18369
1353
6834
13472
5416
14397
2241
24489
8770
28321
6689
18727
5278
10382
15503
6793
15816
12174
30795
28969
3539
32293
16671
8610
1569
1808
28798
31441
30139
10110
10516
2964
9614
29327
15683
496
8336
24326
30982
24160
14772
14587
17715
21265
1686
27859
9871
31494
25968
10040
10447
28824
19594
32708
13656
8490
18870
8657
20897
2820
5259
25214
9325
8294
25510
27131
8166
31248
7178
24191
20971
14303
13536
20063
3899
30542
7919
26424
10451
14571
31462
31709
10052
6903
22901
14791
4675
32157
13216
15595
18191
12502
15294
11961
1100
30284
12900
29754
2078
3989
25461
11617
10713
17585
5411
15096
10136
28880
15640
2044
24355
13390
29700
29346
3147
32089
9360
27578
9561
3705
18312
5933
10661
30615
25484
28947
2090
23543
26007
3328
10065
11530
120
2120
9637
3391
28494
32623
26202
15548
8462
5526
14024
5156
29820
29190
14583
27200
32655
18022
25301
11702
28487
5054
10886
1914
12385
7490
17381
4106
8852
3093
26419
19309
21860
4265
5839
15497
11022
1156
18875
385
11174
31896
23845
13448
16576
22654
30214
32757
27171
18552
22873
25584
31168
30893
12442
3331
29653
16100
11456
25941
13116
6700
24744
13177
13675
12487
24200
17104
4543
27653
18740
7171
21069
14555
23772
28036
1462
30050
11529
16845
27258
10980
11823
13485
28904
28654
19163
21754
2170
15442
27529
3758
22918
26725
18879
29392
3955
30885
28550
18402
3220
2969
24658
19046
19680
26914
18461
6378
25062
22607
17696
121
17461
8120
25504
25257
9667
14481
27345
501
25753
25252
3418
8924
9366
7980
14078
17573
18919
25023
19145
3931
27808
5469
23085
31929
3464
26346
11014
21411
31908
25398
22890
3165
1152
30956
13686
457
3480
23149
17931
25689
8027
14782
20920
26678
2879
32439
787
15819
26887
493
11681
5704
21684
15392
7855
18200
2126
7338
5272
16752
9366
6015
4006
22635
5884
32027
16179
21485
147
14348
27126
5358
11001
27269
18041
20438
4537
24826
30587
25180
11340
23652
12660
10308
8421
1992
9722
2209
10547
3165
21154
17021
18112
9210
23541
31793
12225
5082
4551
30570
8075
10390
2204
6925
12735
27028
3767
2881
10565
7929
23573
8387
28551
26359
8838
2423
205
30377
29733
26911
24551
29353
31938
4188
31867
27947
29459
11561
20825
12727
11979
441
30597
4415
10314
17601
31329
27269
18596
21532
32123
736
26966
30401
25539
18604
23024
23371
31304
1673
5533
24690
21304
25745
26700
29800
24490
15081
18790
5547
10762
4074
21610
19772
24140
17736
1013
32574
17925
13615
2895
6562
13610
21213
8520
24686
16763
19714
25522
7120
29313
10251
4506
2465
19618
28917
18069
16264
26947
14331
31412
17653
26273
16964
13080
2415
88
32459
24622
26924
24297
15195
13207
752
12157
23672
24650
5641
2561
4427
7811
6981
23051
25029
9847
11481
29384
27729
27965
11766
7548
8695
31713
1688
27559
12729
142
26623
19222
27806
22780
13184
5700
4749
28594
10752
5083
27764
9906
31804
16392
20676
2586
22272
341
6539
8550
15858
23856
13652
30498
1510
32575
3622
7690
3894
11112
17382
8175
19703
5080
25824
3867
24690
15757
22195
27325
10370
12633
253
9300
32086
16298
17196
2550
266
6830
25346
15424
18318
11743
24811
309
25683
31547
32696
6646
17763
22248
17320
15190
15931
4025
2853
12549
22891
25581
2213
17619
24055
27045
13323
11662
32557
24998
1751
11841
21612
18934
10452
2108
17917
12381
22776
7753
18269
11848
11290
29556
27991
817
26720
25985
20189
24119
11356
3406
32351
15699
14571
5055
29787
28071
7902
11432
15133
31329
15778
10497
17257
3504
27280
24884
32727
10411
20538
27075
3005
14191
16233
21235
31868
21050
19836
14853
18020
12667
30791
25060
1878
8477
18156
28050
30721
2674
13603
10186
5252
8126
10628
23204
19719
384
32206
21663
29893
884
9414
28085
16639
14320
3473
15756
4978
16849
14914
11478
11465
22314
32229
17222
2936
31150
22584
8361
18064
13653
31479
62
5221
17347
7002
29305
17456
8224
22903
2327
16694
8823
8508
12745
21424
18282
15763
24682
18018
4058
16004
21750
19839
11442
18680
27708
22847
21373
28133
23625
32408
19782
31248
6016
299
2392
21772
29952
20194
8752
21509
25909
16509
8109
23982
26737
29754
29569
29597
32501
27764
32717
12966
12465
31902
11742
4714
22593
29440
30987
25404
25560
31507
14398
32306
22638
31057
839
179
8085
25802
23523
27925
20684
18195
26821
27696
48
10145
8050
14320
31202
9886
32504
9182
32475
3253
11366
1123
12272
2307
4823
16104
8303
3075
12614
20337
23029
29126
23992
18664
7930
13562
17256
9761
13913
7672
7544
5754
4316
23995
21095
26754
5039
4166
7049
24646
27813
9340
26218
7613
24309
20479
26792
28599
10221
29860
19175
5532
31891
16024
20425
7901
21573
26736
6239
27689
13697
14280
2609
30573
17077
3825
10795
14116
26869
13311
17016
16660
1979
10887
12103
17388
26165
12784
10910
2994
11787
24202
820
10466
18509
7833
30427
23148
29920
8090
21573
9298
25605
7524
5245
9448
30166
30521
18273
2663
29477
14747
21952
3796
10618
18937
4711
22221
1163
24220
13238
16300
3164
21717
496
23417
12050
7911
2526
11770
21535
3043
12432
22940
20572
29355
23363
29983
20235
769
2367
18874
12450
2337
4277
5136
10067
19613
29991
30989
3133
6163
27250
3120
29696
14674
26759
17936
25223
5290
7883
3489
17076
28002
28394
7027
10189
19832
12482
9531
16455
5281
28048
21690
5435
565
12100
18578
6028
20616
11077
13905
20382
7063
29405
13758
14753
6396
13041
22859
2360
19485
29461
14760
26905
16274
10803
20906
27646
18092
5392
15805
12058
5054
26270
2627
29582
21852
27293
9122
9528
1300
11566
20030
18209
26896
32153
24415
12881
10268
1624
16480
27427
29733
7972
12431
17253
24224
14782
11741
19047
30910
9197
17890
31354
28481
27372
25107
29349
24625
20442
27078
18228
23492
26503
7484
4735
10507
18112
1817
26539
9351
3489
6535
19646
4216
31994
23548
2640
20974
30037
18450
9116
32155
12805
19799
17092
17322
2965
6760
3671
13952
7876
23080
24200
28528
7898
7595
32235
17876
480
11517
6459
130
9307
23642
8949
23405
14761
30551
4600
13881
5693
1462
18572
20030
9501
10227
1615
29129
10099
901
15062
6114
13949
8998
19868
32260
26455
5555
19548
16838
7445
26593
3451
21164
14815
6001
23391
20892
15187
8057
13991
1616
3453
4106
12743
4631
16875
15186
21378
30812
25578
5359
4022
28429
22845
27619
14753
24612
12796
25921
28899
14782
17061
10633
17614
22451
16589
28403
824
13511
22552
16339
2425
27310
13384
2752
27918
17768
20262
26307
11223
31375
18286
16287
216
13919
3671
32679
20919
17625
3329
25479
8072
20200
27642
3786
8672
7481
32393
99
6833
9499
23016
27478
20395
13880
29026
9637
10143
306
16160
18475
28653
11903
16916
25231
25835
103
6524
21334
3117
5306
20652
15373
25077
7518
1313
31853
21367
24606
23563
16622
9302
6569
7856
4497
27931
18914
26800
11836
24740
13500
5547
2191
13985
13926
25886
30601
6665
30036
31737
11947
6304
26913
19299
8439
29768
30434
10392
25893
17062
18790
25852
16217
17527
16476
24096
14336
31663
4520
19461
14017
12390
18488
16086
5361
22123
7545
29504
19980
1428
2985
29854
9527
